===== CLASSES.TXT =====
pear
bruise
stab
twig
tcm
rot

===== LABEL TRAIN EJEMPLO =====
0 0.47864037535113774 0.4986952254917996 0.9539355008135444 0.9961265668446017
1 0.4679258014960303 0.7697426137123994 0.21033438141591657 0.18066108575082143
1 0.12370963805257647 0.38760352698020906 0.03158605045153695 0.028994989071119474
1 0.39470359363110374 0.43853062316922675 0.03804683349844225 0.07731997085631868
1 0.24682344833527162 0.5753274946842519 0.07968299091183177 0.06245074569164208
1 0.048692768230176244 0.6128722882250606 0.061018506554105456 0.06022036191694051
2 0.4219824553847038 0.9663881165152483 0.05096839959225284 0.04906844304343315
1 0.3344029518599877 0.12107266590337983 0.08542590917574772 0.05947690065870667
1 0.10791661282680802 0.753758196660372 0.11916555397625303 0.16356147681144317

===== LABEL VAL EJEMPLO =====
0 0.5061300816606547 0.4924218761620037 0.9700430064694124 0.9824044739934257
2 0.4412146561326635 0.6709056564484703 0.05532564675681058 0.05280145166807962
1 0.15425896828733923 0.4020644623919801 0.10548756648298553 0.17104695610786377
1 0.9004175242141915 0.5165915547424628 0.06491542552799102 0.10411553850043875
1 0.5396943073597863 0.747876786697009 0.030982362183813967 0.03272202638585215

===== CONTEO JPG =====
22

===== CONTEO TXT =====
15
